140.0       7.11e-04
140.5       7.23e-04
141.0       7.36e-04
141.5       7.48e-04
142.0       7.59e-04
142.5       7.71e-04
143.0       7.81e-04
143.5       7.91e-04
144.0       8.00e-04
144.5       8.09e-04
145.0       8.17e-04
145.5       8.24e-04
146.0       8.31e-04
146.5       8.37e-04
147.0       8.41e-04
147.5       8.45e-04
148.0       8.48e-04
148.5       8.50e-04
149.0       8.51e-04
149.5       8.51e-04
150.0       8.50e-04
152.0       8.31e-04
154.0       7.88e-04
156.0       7.11e-04
158.0       5.91e-04
160.0       4.25e-04
162.0       2.89e-04
164.0       2.37e-04
165.0       2.27e-04
166.0       2.23e-04
168.0       2.27e-04
170.0       2.41e-04
172.0       2.66e-04
174.0       3.04e-04
175.0       3.30e-04
176.0       3.61e-04
178.0       4.52e-04
180.0       6.12e-04
182.0       9.14e-04
184.0       1.33e-03
185.0       1.52e-03
186.0       1.69e-03
188.0       1.94e-03
190.0       2.12e-03
192.0       2.26e-03
194.0       2.37e-03
195.0       2.42e-03
196.0       2.46e-03
198.0       2.53e-03
200.0       2.59e-03
202.0       2.64e-03
204.0       2.68e-03
206.0       2.72e-03
208.0       2.75e-03
210.0       2.78e-03
212.0       2.80e-03
214.0       2.82e-03
216.0       2.84e-03
218.0       2.86e-03
220.0       2.87e-03
222.0       2.89e-03
224.0       2.90e-03
226.0       2.91e-03
228.0       2.92e-03
230.0       2.93e-03
232.0       2.94e-03
234.0       2.95e-03
236.0       2.96e-03
238.0       2.97e-03
240.0       2.97e-03
242.0       2.98e-03
244.0       2.99e-03
246.0       2.99e-03
248.0       3.00e-03
250.0       3.01e-03
252.0       3.01e-03
254.0       3.02e-03
256.0       3.02e-03
258.0       3.03e-03
260.0       3.03e-03
262.0       3.04e-03
264.0       3.04e-03
266.0       3.05e-03
268.0       3.05e-03
270.0       3.05e-03
272.0       3.06e-03
274.0       3.06e-03
276.0       3.07e-03
278.0       3.07e-03
280.0       3.07e-03
282.0       3.08e-03
284.0       3.08e-03
286.0       3.08e-03
288.0       3.09e-03
290.0       3.09e-03
292.0       3.09e-03
294.0       3.10e-03
296.0       3.10e-03
298.0       3.10e-03
300.0       3.11e-03
305.0       3.11e-03
310.0       3.12e-03
315.0       3.13e-03
320.0       3.13e-03
325.0       3.14e-03
330.0       3.14e-03
335.0       3.14e-03
340.0       3.15e-03
345.0       3.14e-03
350.0       3.11e-03
360.0       3.00e-03
370.0       2.91e-03
380.0       2.83e-03
390.0       2.77e-03
400.0       2.73e-03
420.0       2.67e-03
440.0       2.64e-03
450.0       2.63e-03
460.0       2.63e-03
480.0       2.63e-03
500.0       2.65e-03
520.0       2.67e-03
540.0       2.69e-03
550.0       2.70e-03
560.0       2.71e-03
580.0       2.74e-03
600.0       2.77e-03
620.0       2.79e-03
640.0       2.82e-03
650.0       2.83e-03
660.0       2.85e-03
680.0       2.87e-03
700.0       2.90e-03
720.0       2.92e-03
740.0       2.94e-03
750.0       2.95e-03
760.0       2.97e-03
780.0       2.99e-03
800.0       3.01e-03
820.0       3.03e-03
840.0       3.05e-03
850.0       3.06e-03
860.0       3.07e-03
880.0       3.09e-03
900.0       3.10e-03
920.0       3.12e-03
940.0       3.14e-03
950.0       3.14e-03
960.0       3.15e-03
980.0       3.17e-03
1000.0      3.18e-03
