81.0 1.04e-06
82.0 1.14e-06
83.0 1.24e-06
84.0 1.36e-06
85.0 1.49e-06
86.0 1.63e-06
87.0 1.78e-06
88.0 1.95e-06
89.0 2.13e-06
90.0 2.33e-06
91.0 2.55e-06
92.0 2.79e-06
93.0 3.06e-06
94.0 3.35e-06
95.0 3.67e-06
96.0 4.03e-06
97.0 4.44e-06
98.0 4.91e-06
99.0 5.44e-06
100.0 6.06e-06
101.0 6.78e-06
102.0 7.62e-06
103.0 8.61e-06
104.0 9.75e-06
105.0 1.11e-05
106.0 1.27e-05
107.0 1.45e-05
108.0 1.66e-05
109.0 1.90e-05
110.0 2.18e-05
110.5 2.33e-05
111.0 2.49e-05
111.5 2.67e-05
112.0 2.85e-05
112.5 3.05e-05
113.0 3.26e-05
113.5 3.47e-05
114.0 3.71e-05
114.5 3.95e-05
115.0 4.21e-05
115.5 4.48e-05
116.0 4.77e-05
116.5 5.07e-05
117.0 5.38e-05
117.5 5.71e-05
118.0 6.06e-05
118.5 6.42e-05
119.0 6.79e-05
119.5 7.18e-05
120.0 7.59e-05
120.1 7.67e-05
120.2 7.76e-05
120.3 7.84e-05
120.4 7.93e-05
120.5 8.01e-05
120.6 8.10e-05
120.7 8.18e-05
120.8 8.27e-05
120.9 8.36e-05
121.0 8.45e-05
121.1 8.53e-05
121.2 8.63e-05
121.3 8.72e-05
121.4 8.81e-05
121.5 8.90e-05
121.6 8.99e-05
121.7 9.08e-05
121.8 9.18e-05
121.9 9.27e-05
122.0 9.36e-05
122.1 9.46e-05
122.2 9.55e-05
122.3 9.65e-05
122.4 9.75e-05
122.5 9.85e-05
122.6 9.95e-05
122.7 1.00e-04
122.8 1.01e-04
122.9 1.02e-04
123.0 1.03e-04
123.1 1.04e-04
123.2 1.05e-04
123.3 1.06e-04
123.4 1.08e-04
123.5 1.09e-04
123.6 1.10e-04
123.7 1.11e-04
123.8 1.12e-04
123.9 1.13e-04
124.0 1.14e-04
124.1 1.15e-04
124.2 1.16e-04
124.3 1.17e-04
124.4 1.18e-04
124.5 1.19e-04
124.6 1.20e-04
124.7 1.21e-04
124.8 1.23e-04
124.9 1.24e-04
125.0 1.25e-04
125.1 1.26e-04
125.2 1.27e-04
125.3 1.28e-04
125.4 1.29e-04
125.5 1.30e-04
125.6 1.32e-04
125.7 1.33e-04
125.8 1.34e-04
125.9 1.35e-04
126.0 1.36e-04
126.1 1.37e-04
126.2 1.39e-04
126.3 1.40e-04
126.4 1.41e-04
126.5 1.42e-04
126.6 1.43e-04
126.7 1.45e-04
126.8 1.46e-04
126.9 1.47e-04
127.0 1.48e-04
127.1 1.49e-04
127.2 1.51e-04
127.3 1.52e-04
127.4 1.53e-04
127.5 1.54e-04
127.6 1.56e-04
127.7 1.57e-04
127.8 1.58e-04
127.9 1.59e-04
128.0 1.61e-04
128.1 1.62e-04
128.2 1.63e-04
128.3 1.64e-04
128.4 1.66e-04
128.5 1.67e-04
128.6 1.68e-04
128.7 1.70e-04
128.8 1.71e-04
128.9 1.72e-04
129.0 1.73e-04
129.1 1.75e-04
129.2 1.76e-04
129.3 1.77e-04
129.4 1.79e-04
129.5 1.80e-04
129.6 1.81e-04
129.7 1.83e-04
129.8 1.84e-04
129.9 1.85e-04
130.0 1.87e-04
130.5 1.93e-04
131.0 2.00e-04
131.5 2.07e-04
132.0 2.14e-04
132.5 2.21e-04
133.0 2.27e-04
133.5 2.34e-04
134.0 2.41e-04
134.5 2.48e-04
135.0 2.55e-04
135.5 2.62e-04
136.0 2.68e-04
136.5 2.75e-04
137.0 2.82e-04
137.5 2.88e-04
138.0 2.94e-04
138.5 3.01e-04
139.0 3.07e-04
139.5 3.13e-04
140.0 3.19e-04
140.5 3.25e-04
141.0 3.30e-04
141.5 3.35e-04
142.0 3.41e-04
142.5 3.46e-04
143.0 3.50e-04
143.5 3.55e-04
144.0 3.59e-04
144.5 3.63e-04
145.0 3.66e-04
145.5 3.69e-04
146.0 3.72e-04
146.5 3.75e-04
147.0 3.77e-04
147.5 3.79e-04
148.0 3.80e-04
148.5 3.81e-04
149.0 3.81e-04
149.5 3.81e-04
150.0 3.81e-04
152.0 3.72e-04
154.0 3.53e-04
156.0 3.18e-04
158.0 2.64e-04
160.0 1.90e-04
162.0 1.29e-04
164.0 1.06e-04
165.0 1.02e-04
166.0 9.98e-05
168.0 1.01e-04
170.0 1.08e-04
172.0 1.19e-04
174.0 1.36e-04
175.0 1.47e-04
176.0 1.61e-04
178.0 2.01e-04
180.0 2.73e-04
182.0 4.07e-04
184.0 5.93e-04
185.0 6.78e-04
186.0 7.50e-04
188.0 8.62e-04
190.0 9.44e-04
192.0 1.01e-03
194.0 1.05e-03
195.0 1.08e-03
196.0 1.09e-03
198.0 1.12e-03
200.0 1.15e-03
202.0 1.17e-03
204.0 1.19e-03
206.0 1.21e-03
208.0 1.22e-03
210.0 1.23e-03
212.0 1.24e-03
214.0 1.25e-03
216.0 1.26e-03
218.0 1.27e-03
220.0 1.28e-03
222.0 1.28e-03
224.0 1.29e-03
226.0 1.29e-03
228.0 1.30e-03
230.0 1.30e-03
232.0 1.31e-03
234.0 1.31e-03
236.0 1.32e-03
238.0 1.32e-03
240.0 1.32e-03
242.0 1.32e-03
244.0 1.33e-03
246.0 1.33e-03
248.0 1.33e-03
250.0 1.34e-03
252.0 1.34e-03
254.0 1.34e-03
256.0 1.34e-03
258.0 1.35e-03
260.0 1.35e-03
262.0 1.35e-03
264.0 1.35e-03
266.0 1.35e-03
268.0 1.36e-03
270.0 1.36e-03
272.0 1.36e-03
274.0 1.36e-03
276.0 1.36e-03
278.0 1.36e-03
280.0 1.37e-03
282.0 1.37e-03
284.0 1.37e-03
286.0 1.37e-03
288.0 1.37e-03
290.0 1.37e-03
292.0 1.38e-03
294.0 1.38e-03
296.0 1.38e-03
298.0 1.38e-03
300.0 1.38e-03
305.0 1.38e-03
310.0 1.39e-03
315.0 1.39e-03
320.0 1.39e-03
325.0 1.39e-03
330.0 1.40e-03
335.0 1.40e-03
340.0 1.40e-03
345.0 1.40e-03
350.0 1.38e-03
360.0 1.33e-03
370.0 1.29e-03
380.0 1.26e-03
390.0 1.23e-03
400.0 1.21e-03
420.0 1.19e-03
440.0 1.17e-03
450.0 1.17e-03
460.0 1.17e-03
480.0 1.17e-03
500.0 1.18e-03
520.0 1.18e-03
540.0 1.19e-03
550.0 1.20e-03
560.0 1.21e-03
580.0 1.22e-03
600.0 1.23e-03
620.0 1.24e-03
640.0 1.25e-03
650.0 1.26e-03
660.0 1.26e-03
680.0 1.28e-03
700.0 1.29e-03
720.0 1.30e-03
740.0 1.31e-03
750.0 1.31e-03
760.0 1.32e-03
780.0 1.33e-03
800.0 1.34e-03
820.0 1.35e-03
840.0 1.36e-03
850.0 1.36e-03
860.0 1.36e-03
880.0 1.37e-03
900.0 1.38e-03
920.0 1.39e-03
940.0 1.39e-03
950.0 1.40e-03
960.0 1.40e-03
980.0 1.41e-03
