80.0	1.64E-04
81.0	1.81E-04
82.0	1.99E-04
83.0	2.18E-04
84.0	2.40E-04
85.0	2.63E-04
86.0	2.88E-04
87.0	3.16E-04
88.0	3.47E-04
89.0	3.80E-04
90.0	4.17E-04
91.0	4.57E-04
92.0	5.02E-04
93.0	5.50E-04
94.0	6.05E-04
95.0	6.65E-04
96.0	7.33E-04
97.0	8.11E-04
98.0	9.00E-04
99.0	1.00E-03
100.0	1.12E-03
101.0	1.26E-03
102.0	1.43E-03
103.0	1.63E-03
104.0	1.86E-03
105.0	2.13E-03
106.0	2.45E-03
107.0	2.83E-03
108.0	3.26E-03
109.0	3.76E-03
110.0	4.34E-03
110.5	4.66E-03
111.0	5.01E-03
111.5	5.37E-03
112.0	5.76E-03
112.5	6.18E-03
113.0	6.62E-03
113.5	7.08E-03
114.0	7.57E-03
114.5	8.09E-03
115.0	8.64E-03
115.5	9.22E-03
116.0	9.83E-03
116.5	1.05E-02
117.0	1.11E-02
117.5	1.19E-02
118.0	1.26E-02
118.5	1.34E-02
119.0	1.42E-02
119.5	1.50E-02
120.0	1.59E-02
120.1	1.61E-02
120.2	1.62E-02
120.3	1.64E-02
120.4	1.66E-02
120.5	1.68E-02
120.6	1.70E-02
120.7	1.72E-02
120.8	1.73E-02
120.9	1.75E-02
121.0	1.77E-02
121.1	1.79E-02
121.2	1.81E-02
121.3	1.83E-02
121.4	1.85E-02
121.5	1.87E-02
121.6	1.89E-02
121.7	1.91E-02
121.8	1.93E-02
121.9	1.95E-02
122.0	1.97E-02
122.1	1.99E-02
122.2	2.01E-02
122.3	2.03E-02
122.4	2.05E-02
122.5	2.07E-02
122.6	2.10E-02
122.7	2.12E-02
122.8	2.14E-02
122.9	2.16E-02
123.0	2.18E-02
123.1	2.20E-02
123.2	2.22E-02
123.3	2.25E-02
123.4	2.27E-02
123.5	2.29E-02
123.6	2.31E-02
123.7	2.34E-02
123.8	2.36E-02
123.9	2.38E-02
124.0	2.41E-02
124.1	2.43E-02
124.2	2.45E-02
124.3	2.48E-02
124.4	2.50E-02
124.5	2.52E-02
124.6	2.55E-02
124.7	2.57E-02
124.8	2.59E-02
124.9	2.62E-02
125.0	2.64E-02
125.1	2.67E-02
125.2	2.69E-02
125.3	2.72E-02
125.4	2.74E-02
125.5	2.76E-02
125.6	2.79E-02
125.7	2.81E-02
125.8	2.84E-02
125.9	2.87E-02
126.0	2.89E-02
126.1	2.92E-02
126.2	2.94E-02
126.3	2.97E-02
126.4	2.99E-02
126.5	3.02E-02
126.6	3.04E-02
126.7	3.07E-02
126.8	3.10E-02
126.9	3.12E-02
127.0	3.15E-02
127.1	3.18E-02
127.2	3.20E-02
127.3	3.23E-02
127.4	3.26E-02
127.5	3.28E-02
127.6	3.31E-02
127.7	3.34E-02
127.8	3.36E-02
127.9	3.39E-02
128.0	3.42E-02
128.1	3.45E-02
128.2	3.47E-02
128.3	3.50E-02
128.4	3.53E-02
128.5	3.56E-02
128.6	3.58E-02
128.7	3.61E-02
128.8	3.64E-02
128.9	3.67E-02
129.0	3.70E-02
129.1	3.73E-02
129.2	3.75E-02
129.3	3.78E-02
129.4	3.81E-02
129.5	3.84E-02
129.6	3.87E-02
129.7	3.90E-02
129.8	3.93E-02
129.9	3.95E-02
130.0	3.98E-02
130.5	4.13E-02
131.0	4.28E-02
131.5	4.42E-02
132.0	4.57E-02
132.5	4.72E-02
133.0	4.87E-02
133.5	5.02E-02
134.0	5.17E-02
134.5	5.32E-02
135.0	5.47E-02
135.5	5.62E-02
136.0	5.77E-02
136.5	5.91E-02
137.0	6.06E-02
137.5	6.20E-02
138.0	6.34E-02
138.5	6.48E-02
139.0	6.61E-02
139.5	6.75E-02
140.0	6.87E-02
140.5	7.00E-02
141.0	7.12E-02
141.5	7.24E-02
142.0	7.35E-02
142.5	7.46E-02
143.0	7.56E-02
143.5	7.66E-02
144.0	7.75E-02
144.5	7.84E-02
145.0	7.92E-02
145.5	7.99E-02
146.0	8.06E-02
146.5	8.11E-02
147.0	8.16E-02
147.5	8.20E-02
148.0	8.23E-02
148.5	8.25E-02
149.0	8.26E-02
149.5	8.26E-02
150.0	8.25E-02
152.0	8.08E-02
154.0	7.66E-02
156.0	6.92E-02
158.0	5.76E-02
160.0	4.15E-02
162.0	2.82E-02
164.0	2.31E-02
165.0	2.22E-02
166.0	2.18E-02
168.0	2.22E-02
170.0	2.36E-02
172.0	2.61E-02
174.0	2.98E-02
175.0	3.23E-02
176.0	3.54E-02
178.0	4.44E-02
180.0	6.02E-02
182.0	9.00E-02
184.0	1.31E-01
185.0	1.50E-01
186.0	1.66E-01
188.0	1.91E-01
190.0	2.09E-01
192.0	2.23E-01
194.0	2.34E-01
195.0	2.39E-01
196.0	2.43E-01
198.0	2.50E-01
200.0	2.55E-01
202.0	2.60E-01
204.0	2.65E-01
206.0	2.68E-01
208.0	2.71E-01
210.0	2.74E-01
212.0	2.76E-01
214.0	2.78E-01
216.0	2.80E-01
218.0	2.82E-01
220.0	2.84E-01
222.0	2.85E-01
224.0	2.86E-01
226.0	2.87E-01
228.0	2.88E-01
230.0	2.89E-01
232.0	2.90E-01
234.0	2.91E-01
236.0	2.92E-01
238.0	2.93E-01
240.0	2.94E-01
242.0	2.94E-01
244.0	2.95E-01
246.0	2.96E-01
248.0	2.96E-01
250.0	2.97E-01
252.0	2.97E-01
254.0	2.98E-01
256.0	2.98E-01
258.0	2.99E-01
260.0	2.99E-01
262.0	3.00E-01
264.0	3.00E-01
266.0	3.01E-01
268.0	3.01E-01
270.0	3.02E-01
272.0	3.02E-01
274.0	3.02E-01
276.0	3.03E-01
278.0	3.03E-01
280.0	3.04E-01
282.0	3.04E-01
284.0	3.04E-01
286.0	3.05E-01
288.0	3.05E-01
290.0	3.05E-01
292.0	3.06E-01
294.0	3.06E-01
296.0	3.06E-01
298.0	3.07E-01
300.0	3.07E-01
305.0	3.08E-01
310.0	3.08E-01
315.0	3.09E-01
320.0	3.09E-01
325.0	3.10E-01
330.0	3.10E-01
335.0	3.11E-01
340.0	3.11E-01
345.0	3.11E-01
350.0	3.07E-01
360.0	2.97E-01
370.0	2.87E-01
380.0	2.80E-01
390.0	2.74E-01
400.0	2.69E-01
420.0	2.63E-01
440.0	2.60E-01
450.0	2.59E-01
460.0	2.59E-01
480.0	2.60E-01
500.0	2.61E-01
520.0	2.63E-01
540.0	2.65E-01
550.0	2.66E-01
560.0	2.67E-01
580.0	2.70E-01
600.0	2.72E-01
620.0	2.75E-01
640.0	2.77E-01
650.0	2.79E-01
660.0	2.80E-01
680.0	2.82E-01
700.0	2.85E-01
720.0	2.87E-01
740.0	2.89E-01
750.0	2.90E-01
760.0	2.91E-01
780.0	2.94E-01
800.0	2.96E-01
820.0	2.97E-01
840.0	2.99E-01
850.0	3.00E-01
860.0	3.01E-01
880.0	3.03E-01
900.0	3.04E-01
920.0	3.06E-01
940.0	3.07E-01
950.0	3.08E-01
960.0	3.09E-01
980.0	3.10E-01
1000.0	3.11E-01
