140.0    15.42 
140.5    15.32 
141.0    15.27 
141.5    15.16 
142.0    15.06 
142.5    14.96 
143.0    14.86 
143.5    14.76 
144.0    14.66 
144.5    14.56 
145.0    14.46 
145.5    14.37 
146.0    14.27 
146.5    14.18 
147.0    14.09 
147.5    14.00 
148.0    13.91 
148.5    13.82 
149.0    13.73 
149.5    13.64 
150.0    13.55 
152.0    13.22 
154.0    12.89 
156.0    12.58 
158.0    12.27 
160.0    11.96 
162.0    11.60 
164.0    11.17 
165.0    10.97 
166.0    10.79 
168.0    10.46 
170.0    10.17 
172.0    9.897 
174.0    9.645 
175.0    9.526 
176.0    9.410 
178.0    9.194 
180.0    8.980 
182.0    8.755 
184.0    8.501 
185.0    8.383 
186.0    8.266 
188.0    8.053 
190.0    7.858 
192.0    7.671 
194.0    7.494 
195.0    7.405 
196.0    7.320 
198.0    7.187 
200.0    18.34 
202.0    6.937 
204.0    6.846 
206.0    6.731 
208.0    6.609 
210.0    6.500 
212.0    6.387 
214.0    6.293 
216.0    6.214 
218.0    6.104 
220.0    6.003 
222.0    5.905 
224.0    5.821 
226.0    5.748 
228.0    5.653 
230.0    5.567 
232.0    5.487 
234.0    5.413 
236.0    5.327 
238.0    5.247 
240.0    5.159 
242.0    5.078 
244.0    4.999 
246.0    4.924 
248.0    4.854 
250.0    4.783 
252.0    4.714 
254.0    4.647 
256.0    4.582 
258.0    4.521 
260.0    4.461 
262.0    4.405 
264.0    4.350 
266.0    4.292 
268.0    4.237 
270.0    4.184 
272.0    4.134 
274.0    4.086 
276.0    4.040 
278.0    3.994 
280.0    3.950 
282.0    3.908 
284.0    3.867 
286.0    3.829 
288.0    3.792 
290.0    3.755 
292.0    3.720 
294.0    3.687 
296.0    3.654 
298.0    3.624 
300.0    10.638 
305.0    3.529 
310.0    3.472 
315.0    3.425 
320.0    3.383 
325.0    3.355 
330.0    3.341 
335.0    3.341 
340.0    3.359 
345.0    3.399 
350.0    3.401 
360.0    3.385 
370.0    3.332 
380.0    3.231 
390.0    3.089 
400.0    9.669 
420.0    2.550 
440.0    2.178 
450.0    2.002 
460.0    1.837 
480.0    1.538 
500.0    4.721 
520.0    1.069 
540.0    0.8913
550.0    0.8144
560.0    0.7442
580.0    0.6228
600.0    2.1286
620.0    0.4403
640.0    0.3719
650.0    0.3424
660.0    0.3153
680.0    0.2682
700.0    1.0259
720.0    0.1964
740.0    0.1689
750.0    0.1568
760.0    0.1457
780.0    0.1262
800.0    0.5097
820.0    0.0957
840.0    0.0837
850.0    0.0784
860.0    0.07350
880.0    0.06470
900.0    0.30777
920.0    0.05060
940.0    0.04500
950.0    0.04240
960.0    0.04000
980.0    0.03571
1000.0   0.18886 
